0,5
4294967293,131
4294967293,130
4294967293,129
4294967293,128
4294967293,127
4294967293,126
4294967293,125
4294967293,124
4294967293,123
4294967293,122
4294967293,121
4294967293,120
4294967293,119
4294967293,118
4294967293,117
4294967293,116
4294967293,115
4294967293,114
4294967293,113
4294967293,112
4294967293,111
4294967293,110
4294967293,109
4294967293,108
4294967293,107
4294967293,106
4294967293,105
4294967293,104
4294967293,103
4294967293,102
4294967293,101
4294967293,100
4294967293,99
4294967293,98
4294967293,97
4294967293,96
4294967293,95
4294967293,94
4294967293,93
4294967293,92
4294967293,91
4294967293,90
4294967293,89
4294967293,87
4294967293,86
4294967293,85
4294967293,84
4294967293,83
4294967293,82
4294967293,81
4294967293,80
4294967293,79
4294967293,78
4294967293,77
4294967293,76
4294967293,75
4294967293,74
4294967293,73
4294967293,72
4294967293,71
4294967293,70
4294967293,69
4294967293,68
4294967293,67
4294967293,66
4294967293,65
4294967293,64
4294967293,63
4294967293,62
4294967293,61
4294967293,60
4294967293,59
4294967293,58
4294967293,57
4294967293,56
4294967293,55
4294967293,54
4294967293,53
4294967293,52
4294967293,51
4294967293,50
4294967293,49
4294967293,48
4294967293,47
4294967293,46
4294967293,45
4294967293,44
4294967293,43
4294967293,42
4294967293,41
4294967293,40
4294967293,39
4294967293,38
4294967293,37
4294967293,36
4294967293,35
4294967293,34
4294967293,33
4294967293,32
4294967293,31
4294967293,30
4294967293,29
4294967293,28
4294967293,27
4294967293,26
4294967293,25
4294967293,24
4294967293,23
4294967293,22
4294967293,21
4294967293,20
4294967293,19
4294967293,18
4294967293,17
4294967293,16
4294967293,15
4294967293,14
4294967293,13
4294967293,12
4294967293,11
4294967293,10
4294967293,9
4294967293,8
4294967293,7
4294967293,6
4294967293,5
4294967293,4
4294967293,3
4294967278,417
4294967279,111
4294967279,110
4294967279,107
4294967279,106
4294967279,105
4294967279,104
4294967279,103
4294967279,102
4294967279,101
4294967279,98
4294967279,97
4294967279,96
4294967279,95
4294967279,94
4294967279,93
4294967279,92
4294967279,91
4294967279,90
4294967279,362
4294967279,89
4294967279,87
4294967279,86
4294967279,85
4294967279,294
2861,5
2861,4
2861,3
2861,2
2861,1
4294967279,335
4294967294,402
4294967294,920
4294967279,380
4294967278,368
2859,6
4294967279,564
2859,5
2859,4
4294967279,325
2859,3
2859,2
2859,1
4294967278,254
4294967279,562
4294967279,245
4294967279,243
4294967278,237
4294967279,332
4294967278,339
4294967279,378
4294967279,301
4294967279,219
2856,5
2856,4
2856,3
2856,2
2856,1
4294967278,291
4294967294,1418
4294967278,207
2854,4
2854,3
2854,2
2854,1
4294967279,196
2853,5
2853,4
2853,3
2853,2
2853,1
4294967294,163
4294967279,182
2850,5
2850,4
2850,3
2850,2
2850,1
4294967278,407
4294967279,171
4294967278,170
2849,4
4294967278,169
2849,3
2849,2
2849,1
4294967278,423
4294967294,451
2848,5
2848,4
2848,3
2848,2
2848,1
4294967279,220
4294967279,160
2847,4
2847,3
2847,2
2847,1
4294967278,156
2846,4
2846,3
2846,2
2846,1
4294967278,155
4294967278,289
2845,6
2845,5
4294967278,147
2845,4
2845,3
2845,2
2845,1
4294967278,146
4294967279,145
4294967279,144
2844,4
2844,3
2844,2
2844,1
4294967278,140
2843,5
4294967278,138
2843,4
2843,3
2843,2
2843,1
4294967278,277
2842,4
2842,3
2842,2
2842,1
4294967279,214
4294967278,440
4294967279,570
4294967278,322
4294967279,326
4294967279,323
4294967294,966
4294967278,285
4294967278,278
4294967279,566
4294967279,525
4294967278,425
4294967278,88
4294967279,334
4294967279,109
4294967279,248
4294967279,241
4294967279,239
4294967279,237
4294967279,231
2841,5
2841,4
4294967279,233
2841,2
2841,1
4294967279,223
4294967278,434
4294967279,321
4294967294,167
4294967294,411
4294967294,453
2839,6
2839,5
4294967279,210
2839,4
2839,3
2839,2
2839,1
4294967279,575
4294967278,318
4294967279,312
4294967278,286
2836,5
2836,4
2836,2
2836,1
2834,4
2834,3
2834,2
2834,1
2833,5
2833,4
2833,3
2833,2
2833,1
4294967278,282
4294967279,284
4294967278,272
4294967294,173
4294967278,338
2830,5
2830,4
2830,3
2830,2
2830,1
2829,4
2829,3
2829,2
2829,1
2828,5
4294967279,136
2828,4
2828,3
2828,2
2828,1
2827,4
2827,3
2827,2
2827,1
2826,4
2826,3
2826,2
2826,1
2825,6
2825,5
2825,4
2825,3
2825,2
2825,1
4294967294,1415
4294967294,399
4294967294,178
4294967294,415
4294967294,400
4294967294,450
4294967294,459
4294967294,112
2824,4
2824,3
2824,2
2824,1
2823,5
2823,4
2823,3
2823,2
2823,1
2822,4
2822,3
2822,2
2822,1
4294967278,387
4294967279,278
4294967279,383
4294967278,397
4294967294,911
4294967278,266
4294967279,306
4294967279,221
4294967278,218
4294967279,217
4294967279,215
4294967279,324
4294967279,108
4294967279,363
4294967279,544
4294967278,263
356,11
4294967278,405
4294967279,331
2821,5
2821,4
2821,2
2821,1
4294967278,227
4294967279,242
2819,6
2819,5
2819,4
2819,3
2819,2
2819,1
4294967279,529
4294967278,168
4294967278,334
4294967279,222
4294967294,386
4294967278,158
2816,5
2816,4
2816,2
2816,1
4294967278,152
4294967294,1419
4294967278,151
4294967279,150
2814,4
2814,3
2814,2
2814,1
2813,5
2813,4
2813,3
2813,2
2813,1
4294967278,382
2810,5
2810,4
2810,3
2810,2
2810,1
2809,4
2809,3
2809,2
2809,1
4294967294,902
4294967294,162
2808,5
2808,4
2808,3
2808,2
2808,1
2807,4
4294967278,248
2807,3
2807,2
2807,1
2806,4
2806,3
2806,2
2806,1
2805,6
2805,5
2805,4
2805,3
2805,2
2805,1
2804,4
2804,3
2804,2
2804,1
2802,4
2802,3
2802,2
2802,1
4294967278,335
4294967278,431
4294967278,61
4294967278,60
4294967278,59
4294967278,58
4294967278,57
4294967278,56
4294967278,51
4294967278,49
4294967278,47
4294967278,46
4294967278,42
4294967278,40
4294967278,39
4294967278,38
4294967278,37
4294967278,35
4294967278,32
4294967278,28
4294967278,26
4294967278,25
4294967278,24
4294967278,23
4294967278,22
4294967278,21
4294967278,18
4294967278,16
4294967278,15
4294967278,14
4294967278,13
4294967278,12
4294967278,11
4294967278,10
4294967278,9
4294967278,7
4294967278,4
4294967279,132
4294967279,131
4294967279,130
4294967279,129
4294967279,128
4294967279,127
4294967279,126
4294967279,125
4294967279,124
4294967279,123
4294967279,122
4294967279,121
4294967279,120
4294967279,119
4294967279,118
4294967279,117
4294967279,116
4294967279,115
4294967279,114
4294967279,113
4294967279,112
4294967279,100
4294967279,99
4294967279,79
4294967279,78
4294967279,76
4294967279,65
4294967279,305
4294967279,571
4294967279,569
4294967279,83
4294967278,381
4294967294,1413
4294967294,962
4294967294,918
4294967279,563
4294967279,69
4294967279,64
4294967279,63
2801,5
2801,4
2801,2
2801,1
4294967278,163
4294967278,159
4294967279,340
2799,6
4294967279,154
2799,5
4294967278,154
2799,4
4294967279,153
2799,3
2799,2
2799,1
4294967278,153
4294967279,561
4294967278,150
4294967278,149
4294967278,148
4294967278,410
4294967278,441
2796,5
2796,4
2796,2
2796,1
4294967279,265
4294967279,264
4294967279,263
2794,4
2794,3
2794,2
2794,1
2793,5
2793,4
2793,3
2793,2
2793,1
4294967279,557
2790,5
2790,4
2790,3
2790,2
2790,1
2789,4
2789,3
2789,2
2789,1
2788,5
2788,4
2788,3
2788,2
2788,1
2787,4
2787,3
2787,2
2787,1
2786,4
2786,3
2786,2
2786,1
2785,6
2785,5
2785,4
2785,3
2785,2
2785,1
2784,4
2784,3
2784,2
2784,1
4294967279,190
4294967278,54
4294967278,332
4294967278,53
4294967278,52
4294967278,331
4294967278,50
4294967278,48
4294967278,36
4294967278,399
4294967278,29
4294967278,27
4294967278,20
4294967278,19
4294967278,17
4294967278,8
4294967278,6
4294967278,5
4294967279,368
4294967279,551
2782,4
2782,3
2782,2
2782,1
4294967278,380
4294967278,374
4294967279,330
4294967279,269
4294967278,372
4294967279,226
4294967278,371
4294967278,370
4294967278,30
4294967279,149
4294967279,148
4294967278,144
2781,5
2781,4
2781,2
2781,1
4294967278,432
4294967279,140
4294967279,139
4294967279,135
4294967279,134
4294967279,133
4294967279,277
2779,6
2779,5
2779,4
4294967279,280
2779,3
2779,2
2779,1
4294967279,308
4294967279,555
4294967294,473
2776,5
2776,4
2776,2
2776,1
4294967278,250
4294967278,244
2774,4
2774,3
2774,2
2774,1
4294967278,367
2773,5
4294967278,222
2773,4
2773,3
2773,2
2773,1
4294967278,220
4294967294,472
4294967279,554
4294967279,553
4294967278,201
4294967278,200
4294967278,199
2770,5
2770,4
2770,3
2770,2
